t = linspace(0,10, 5);
t = t';

freq = [100; 2000; 4500; 7500; 10000];
